0.000 0.922 0.078 0.000 
0.000 0.922 0.078 0.000 
0.000 0.938 0.062 0.000 
0.000 1.000 0.000 0.000 
0.266 0.734 0.000 0.000 
1.000 0.000 0.000 0.000 
0.000 1.000 0.000 0.000 
0.000 1.000 0.000 0.000 
0.000 0.000 1.000 0.000 
0.516 0.484 0.000 0.000 
1.000 0.000 0.000 0.000 
1.000 0.000 0.000 0.000 
0.000 0.000 0.000 1.000 
0.000 0.000 1.000 0.000 
0.000 0.000 1.000 0.000 
0.000 0.609 0.391 0.000 
0.000 0.719 0.281 0.000 
0.000 0.625 0.375 0.000 
0.000 1.000 0.000 0.000 
0.000 0.000 1.000 0.000 
0.000 0.000 0.000 1.000 
0.719 0.266 0.016 0.000 
0.719 0.266 0.016 0.000 
0.719 0.266 0.016 0.000 
0.031 0.969 0.000 0.000 
0.000 1.000 0.000 0.000 
0.000 1.000 0.000 0.000 
0.328 0.500 0.172 0.000 
0.281 0.391 0.328 0.000 
0.281 0.344 0.375 0.000 
